7
24
25
26
4
33
18
35
20
24
13
14
35
22
2
11
30
27
32
0
10
32
17
11
24
13
25
34
36
20
2
17
18
18
11
10
27
5
10
34
12
1
32
24
19
34
14
13
14
5
3
0
5
24
29
23
30
27
9
23
17
16
16
28
10
30
15
10
10
33
13
28
36
6
28
26
12
10
12
12
1
18
23
23
3
3
6
4
1
7
8
28
31
7
33
14
7
11
13
34
9
12
33
13
28
6
28
3
34
12
17
12
12
7
22
7
23
31
2
9
12
26
10
24
16
32
16
28
2
4
26
9
24
18
31
0
32
3
8
31
3
25
15
16
13
29
22
19
3
28
5
10
4
10
15
23
23
26
35
31
21
2
9
24
20
33
16
34
7
24
28
20
18
5
25
6
5
2
24
31
30
27
13
18
15
11
35
0
21
20
2
35
2
17
28
13
23
7
26
36
22
28
23
15
22
33
19
22
20
34
32
14
27
4
11
25
25
15
2
19
9
14
16
1
19
30
1
0
6
25
28
9
23
16
4
17
27
24
16
8
23
10
32
21
25
34
19
17
21
36
35
36
15
32
28
30
19
26
29
30
16
0
0
23
9
5
15
36
1
13
16
17
0
29
10
29
18
34
27
24
1
26
29
23
33
8
19
25
15
25
16
16
18
24
14
36
4
25
23
20
27
30
5
16
16
13
27
32
11
25
10
3
10
4
9
9
8
2
33
36
34
3
3
2
7
22
30
15
33
6
6
0
4
17
6
1
36
10
29
33
27
16
27
29
29
5
13
36
10
28
27
10
30
3
21
26
35
21
5
27
9
30
5
18
32
0
13
6
35
34
20
31
21
28
10
15
20
6
16
30
20
31
26
18
29
28
28
34
12
7
10
26
27
29
11
19
33
35
9
25
15
17
36
32
33
28
14
8
33
14
30
36
12
5
12
29
31
29
33
4
31
27
13
30
23
19
30
22
35
26
25
36
26
17
5
33
17
15
32
34
27
8
8
21
21
36
17
1
0
11
5
29
3
27
27
1
21
7
36
15
13
7
20
14
16
8
3
0
22
2
1
6
32
27
5
14
1
15
31
33
6
21
29
2
1
8
12
31
26
13
34
20
36
3
28
0
19
8
6
0
8
10
22
19
23
14
3
20
26
19
1
6
36
15
34
22
36
32
16
28
20
21
34
13
3
5
32
2
1
2
12
25
26
1
32
4
1
9
20
11
4
17
30
16
16
10
34
36
32
7
25
24
17
35
18
22
34
25
17
35
10
0
12
7
19
20
14
23
27
29
22
33
24
35
3
35
14
21
25
10
21
0
33
6
22
17
15
29
30
11
36
22
34
27
21
26
1
31
21
23
1
1
3
14
1
34
14
31
29
29
8
5
21
29
11
13
32
26
14
12
18
4
21
4
23
35
23
21
32
35
0
30
21
2
25
27
12
25
33
34
24
9
24
29
2
34
12
14
34
27
2
1
32
4
2
10
11
21
20
24
27
10
11
35
25
29
20
13
8
3
1
20
15
28
20
32
6
31
30
29
5
4
8
7
26
2
13
8
14
10
33
31
17
21
7
5
22
35
4
14
33
33
7
4
27
1
15
14
1
24
17
23
12
23
22
28
31
12
17
8
28
6
4
35
20
1
23
33
2
19
6
27
31
7
12
4
32
4
4
3
25
22
34
8
35
18
22
3
4
12
1
6
33
8
35
8
14
10
35
4
3
5
13
10
36
32
35
18
26
7
28
8
13
20
16
16
36
26
5
22
17
27
19
0
14
16
26
28
20
1
19
14
31
17
3
4
0
26
17
18
15
33
17
31
35
13
9
25
22
6
28
16
36
7
13
13
29
5
33
5
23
23
21
12
29
13
22
4
13
3
35
21
26
21
13
23
7
32
17
11
35
18
31
31
5
17
13
21
12
5
4
35
18
8
15
5
9
8
1
21
3
12
32
31
12
36
5
12
36
0
3
22
10
35
30
25
11
30
14
6
33
35
28
27
19
35
34
13
34
9
22
28
33
2
31
27
27
11
17
28
17
25
11
21
33
7
21
35
6
4
31
30
15
19
32
18
26
13
8
32
0
6
30
5
30
18
30
0
32
15
20
19
25
5
6
1
20
22
2
0
8
30
8
20
13
11
22
19
35
16
11
29
26
5
0
17
13
7
27
18
24
32
27
7
9
33
33
13
3
7
11
5
19
8
18
30
17
31
31
8
25
4
24
2
1
26
0
28
32
2
1
36
14
28
30
30
32
13
11
20
